-369.454
-268.454
-102.454
205.546
872.546
2328.546
4490.546
6802.546
7199.546
2702.546
-5279.454
-9881.454
-9883.454
-4239.454
5500.546
10541.55
9008.546
1117.546
-6082.454
-6551.454
-2935.454
-414.454
-261.454
-940.454
-2075.454
-2054.454
778.546
3816.546
3819.546
1185.546
-902.454
-947.454
-209.454
585.546
2067.546
3228.546
1733.546
-1231.454
-1804.454
499.546
2047.546
817.546
-2060.454
-3817.454
-3494.454
-1221.454
1462.546
1982.546
982.546
197.546
373.546
943.546
1014.546
260.546
-1936.454
-3943.454
-2139.454
2384.546
5486.546
3970.546
-1584.454
-6467.454
-7156.454
-2426.454
4425.546
6996.546
4381.546
-593.454
-2671.454
321.546
4655.546
4121.546
-2220.454
-8432.454
-9560.454
-6588.454
-1314.454
3815.546
7921.546
7958.546
2999.546
-2347.454
-4140.454
-3340.454
-1855.454
1425.546
5305.546
6781.546
5039.546
1415.546
-2755.454
-6400.454
-8318.454
-6642.454
-1324.454
4036.546
6589.546
4957.546
1429.546
-597.454
-1112.454
-1436.454
-1554.454
-1380.454
-1841.454
-3594.454
-4626.454
-2607.454
2044.546
5953.546
7123.546
4828.546
-67.454
-4731.454
-7608.454
-8194.454
-6512.454
-1559.454
4996.546
9617.546
9089.546
3822.546
-1949.454
-5588.454
-6436.454
-5070.454
-2401.454
-272.454
705.546
1644.546
3443.546
4318.546
2746.546
-20.454
-738.454
585.546
1245.546
-21.454
-1756.454
-3054.454
-3918.454
-3508.454
-1602.454
-872.454
-1814.454
-1732.454
615.546
2106.546
613.546
-1650.454
-1551.454
1128.546
3320.546
4063.546
4047.546
3708.546
3952.546
4992.546
5087.546
1620.546
-5113.454
-9516.454
-9319.454
-4684.454
2411.546
7538.546
9069.546
6615.546
1332.546
-5327.454
-9035.454
-7426.454
-2026.454
2056.546
2161.546
1562.546
1245.546
102.546
-1511.454
-1968.454
-443.454
2211.546
4946.546
6817.546
5745.546
779.546
-4406.454
-6469.454
-4394.454
-667.454
1370.546
2186.546
3144.546
3390.546
1034.546
-2424.454
-3191.454
-1829.454
-2600.454
-4517.454
-4197.454
-1362.454
884.546
1575.546
2721.546
4823.546
5040.546
1683.546
-3594.454
-7129.454
-6719.454
-2579.454
4030.546
9174.546
10820.55
8123.546
1654.546
-5816.454
-9706.454
-9384.454
-4939.454
1540.546
5095.546
4353.546
834.546
-2327.454
-2469.454
173.546
3280.546
4467.546
4510.546
4315.546
3344.546
1283.546
-1383.454
-4837.454
-8400.454
-10332.45
-8644.454
-1891.454
5592.546
9206.546
9385.546
8296.546
6193.546
3216.546
-233.454
-3060.454
-5674.454
-7768.454
-8726.454
-7582.454
-4636.454
-1210.454
1615.546
3913.546
4793.546
5035.546
5004.546
4510.546
4481.546
5121.546
4709.546
1899.546
-2682.454
-6685.454
-9303.454
-9374.454
-5414.454
1800.546
7276.546
8581.546
6054.546
1788.546
-1814.454
-4109.454
-4942.454
-4966.454
-4890.454
-3490.454
290.546
3608.546
4701.546
4489.546
3958.546
1883.546
-1739.454
-4248.454
-3669.454
-2082.454
-1745.454
-1720.454
53.546
2790.546
3561.546
1267.546
-1449.454
-2344.454
-2375.454
-1799.454
757.546
5195.546
7771.546
6675.546
3572.546
672.546
-1440.454
-4072.454
-6242.454
-6067.454
-3341.454
-708.454
-202.454
-1701.454
-2980.454
-2417.454
-246.454
2742.546
4508.546
4416.546
3134.546
1428.546
-62.454
-1173.454
-1891.454
-2620.454
-2995.454
-2795.454
-1807.454
415.546
3516.546
5621.546
5705.546
3038.546
-2023.454
-6709.454
-6736.454
-2978.454
-409.454
-437.454
-862.454
-265.454
1068.546
2108.546
2602.546
2361.546
1110.546
-894.454
-2630.454
-2158.454
798.546
4306.546
5151.546
2787.546
-584.454
-3090.454
-3500.454
-1678.454
995.546
2579.546
2042.546
-121.454
-3019.454
-4925.454
-4688.454
-2460.454
506.546
3158.546
4577.546
4355.546
2219.546
-1362.454
-4591.454
-6294.454
-5286.454
-2370.454
529.546
2217.546
3872.546
5618.546
6308.546
4849.546
1745.546
-1183.454
-3078.454
-3716.454
-2953.454
-1114.454
361.546
566.546
-572.454
-1993.454
-2045.454
-490.454
2005.546
3713.546
3579.546
1506.546
-1546.454
-3480.454
-3859.454
-3345.454
-2187.454
104.546
2626.546
4307.546
4522.546
3047.546
-652.454
-5585.454
-8583.454
-7084.454
-1909.454
3202.546
6324.546
7198.546
6424.546
4059.546
984.546
-1411.454
-2435.454
-2745.454
-2528.454
-1694.454
-600.454
-19.454
-515.454
-1347.454
-1413.454
-472.454
988.546
2095.546
2427.546
1654.546
189.546
-883.454
-1117.454
-1561.454
-2891.454
-4650.454
-5535.454
-4977.454
-2702.454
1020.546
4828.546
6626.546
6269.546
3980.546
-56.454
-3706.454
-4949.454
-3340.454
-928.454
845.546
2062.546
3422.546
4245.546
3780.546
2456.546
1544.546
1462.546
1207.546
-29.454
-1988.454
-4796.454
-7618.454
-9015.454
-7666.454
-4223.454
28.546
3230.546
5173.546
5983.546
5891.546
4707.546
2842.546
974.546
-100.454
-258.454
182.546
560.546
235.546
-1088.454
-3011.454
-4652.454
-4809.454
-2883.454
338.546
2691.546
3311.546
2226.546
161.546
-1658.454
-2303.454
-1297.454
364.546
1540.546
2003.546
2698.546
3459.546
3294.546
1539.546
-688.454
-2316.454
-3110.454
-3772.454
-4314.454
-4481.454
-4046.454
-3113.454
-1581.454
605.546
3286.546
5216.546
6240.546
6418.546
5747.546
3880.546
822.546
-2862.454
-5822.454
-7690.454
-7916.454
-6196.454
-2743.454
1526.546
4908.546
5591.546
3944.546
1426.546
-852.454
-1406.454
-42.454
1529.546
1762.546
538.546
-923.454
-1798.454
-1814.454
-1202.454
-200.454
1062.546
1763.546
1500.546
655.546
-25.454
-600.454
-1032.454
-775.454
171.546
1079.546
874.546
-406.454
-2286.454
-3904.454
-4668.454
-3729.454
-963.454
2141.546
4456.546
5563.546
5797.546
5457.546
4127.546
1399.546
-1764.454
-4065.454
-4251.454
-2839.454
-871.454
318.546
353.546
-342.454
-1093.454
-1423.454
-1430.454
-1298.454
-950.454
-167.454
823.546
1465.546
1193.546
-29.454
-1553.454
-2521.454
-2131.454
-617.454
1313.546
2548.546
2545.546
1479.546
226.546
-265.454
288.546
1809.546
3216.546
3253.546
1262.546
-1798.454
-3929.454
-4614.454
-4015.454
-2775.454
-1451.454
-706.454
-364.454
48.546
831.546
1589.546
1957.546
1801.546
1665.546
1788.546
1562.546
712.546
-191.454
-750.454
-1085.454
-1744.454
-2614.454
-2912.454
-2404.454
-1302.454
398.546
2309.546
3830.546
3954.546
2798.546
911.546
-593.454
-1198.454
-856.454
-98.454
435.546
502.546
29.546
-870.454
-1925.454
-2422.454
-1938.454
-542.454
1378.546
2782.546
3128.546
2391.546
1254.546
72.546
-1110.454
-2336.454
-2787.454
-1925.454
-405.454
826.546
1337.546
1174.546
407.546
-982.454
-2528.454
-3271.454
-2959.454
-1613.454
194.546
2022.546
3118.546
3265.546
2474.546
969.546
-614.454
-1757.454
-2150.454
-1590.454
-206.454
1187.546
1875.546
1462.546
360.546
-541.454
-756.454
-425.454
52.546
440.546
386.546
96.546
112.546
463.546
556.546
3.546
-744.454
-942.454
-599.454
-245.454
-237.454
-507.454
-768.454
-996.454
-1173.454
-1276.454
-1251.454
-1060.454
-674.454
87.546
1211.546
2336.546
2965.546
2671.546
1796.546
946.546
339.546
161.546
466.546
1008.546
1345.546
1161.546
571.546
-259.454
-1249.454
-2332.454
-2982.454
-3069.454
-2636.454
-1840.454
-607.454
753.546
1865.546
2104.546
1545.546
562.546
-605.454
-1816.454
-2593.454
-2502.454
-1567.454
14.546
1756.546
3311.546
3791.546
2974.546
1211.546
-417.454
-1279.454
-1274.454
-867.454
-436.454
-160.454
-204.454
-379.454
-309.454
-31.454
230.546
347.546
174.546
-448.454
-1301.454
-1822.454
-1732.454
-1168.454
-381.454
631.546
1598.546
2195.546
1923.546
926.546
-183.454
-510.454
182.546
1394.546
2444.546
2623.546
1904.546
592.546
-656.454
-1505.454
-1922.454
-2485.454
-3239.454
-3582.454
-2958.454
-1592.454
-5.454
1056.546
1246.546
532.546
-466.454
-916.454
-510.454
533.546
1773.546
2895.546
3621.546
3973.546
3694.546
2667.546
1214.546
-415.454
-2062.454
-3285.454
-3950.454
-3944.454
-3378.454
-2386.454
-1023.454
283.546
1298.546
1785.546
1760.546
1487.546
1147.546
725.546
263.546
-145.454
-435.454
-623.454
-573.454
-158.454
524.546
1091.546
1302.546
957.546
137.546
-1086.454
-2303.454
-3085.454
-2889.454
-1838.454
-619.454
417.546
1134.546
1705.546
2120.546
2261.546
2207.546
1998.546
1562.546
907.546
170.546
-430.454
-1057.454
-1798.454
-2326.454
-2454.454
-2135.454
-1461.454
-538.454
550.546
1538.546
2051.546
2169.546
1935.546
1379.546
717.546
161.546
-188.454
-535.454
-1156.454
-1853.454
-2272.454
-2162.454
-1462.454
-340.454
1146.546
2379.546
2868.546
2354.546
1124.546
-458.454
-1789.454
-2576.454
-2581.454
-2035.454
-1363.454
-716.454
-35.454
616.546
1187.546
1518.546
1783.546
1945.546
1931.546
1565.546
918.546
216.546
-227.454
-474.454
-698.454
-977.454
-1196.454
-1331.454
-1342.454
-1125.454
-539.454
201.546
857.546
1109.546
1015.546
656.546
46.546
-718.454
-1278.454
-1261.454
-529.454
752.546
1931.546
2589.546
2407.546
1371.546
-181.454
-1605.454
-2628.454
-2897.454
-2388.454
-1282.454
115.546
1387.546
1911.546
1496.546
333.546
-1131.454
-2103.454
-2173.454
-1350.454
-62.454
1127.546
1539.546
1351.546
949.546
706.546
824.546
1139.546
1329.546
1128.546
595.546
101.546
-120.454
-120.454
-27.454
98.546
191.546
160.546
-143.454
-784.454
-1551.454
-2316.454
-2765.454
-2633.454
-1890.454
-785.454
367.546
1181.546
1601.546
1426.546
708.546
-127.454
-641.454
-549.454
34.546
912.546
1712.546
2186.546
1996.546
1102.546
-196.454
-1517.454
-2594.454
-3051.454
-2793.454
-1819.454
-376.454
820.546
1645.546
1961.546
1909.546
1621.546
1259.546
930.546
778.546
739.546
705.546
677.546
657.546
605.546
448.546
241.546
-24.454
-340.454
-797.454
-1423.454
-2109.454
-2532.454
-2413.454
-1695.454
-683.454
263.546
682.546
507.546
24.546
-494.454
-833.454
-848.454
-495.454
6.546
503.546
912.546
1291.546
1620.546
1788.546
1709.546
1308.546
677.546
38.546
-441.454
-616.454
-534.454
-313.454
-112.454
85.546
272.546
488.546
665.546
756.546
644.546
225.546
-507.454
-1238.454
-1828.454
-2128.454
-2079.454
-1729.454
-1135.454
-408.454
295.546
851.546
1086.546
959.546
464.546
-256.454
-817.454
-992.454
-618.454
-16.454
544.546
903.546
1140.546
1285.546
1418.546
1517.546
1468.546
1083.546
343.546
-656.454
-1496.454
-1935.454
-1789.454
-1013.454
-26.454
752.546
1142.546
1142.546
996.546
836.546
639.546
405.546
121.546
-375.454
-1073.454
-1852.454
-2349.454
-2478.454
-2195.454
-1455.454
-452.454
642.546
1659.546
2415.546
3015.546
3256.546
3057.546
2346.546
1227.546
37.546
-1054.454
-1910.454
-2358.454
-2426.454
-2257.454
-2057.454
-1815.454
-1413.454
-816.454
-101.454
746.546
1454.546
1898.546
1898.546
1482.546
839.546
159.546
-444.454
-664.454
-346.454
331.546
1117.546
1639.546
1773.546
1377.546
425.546
-947.454
-2238.454
-3206.454
-3533.454
-3182.454
-2357.454
-1335.454
-301.454
437.546
929.546
1235.546
1615.546
2002.546
2373.546
2547.546
2343.546
1691.546
737.546
-288.454
-1028.454
-1442.454
-1462.454
-1231.454
-999.454
-856.454
-775.454
-652.454
-395.454
-39.454
303.546
469.546
580.546
718.546
905.546
1185.546
1353.546
1281.546
970.546
443.546
-62.454
-393.454
-539.454
-688.454
-1009.454
-1377.454
-1624.454
-1495.454
-1032.454
-250.454
492.546
982.546
932.546
397.546
-392.454
-1152.454
-1552.454
-1496.454
-1001.454
-373.454
273.546
611.546
731.546
551.546
224.546
-124.454
-295.454
-237.454
-93.454
199.546
546.546
986.546
1280.546
1418.546
1378.546
1210.546
852.546
423.546
110.546
-46.454
-28.454
58.546
152.546
225.546
76.546
-365.454
-913.454
-1475.454
-1909.454
-2150.454
-2032.454
-1532.454
-707.454
83.546
745.546
1231.546
1662.546
1959.546
2012.546
1747.546
1123.546
212.546
-672.454
-1320.454
-1478.454
-1287.454
-928.454
-435.454
100.546
522.546
745.546
796.546
727.546
606.546
466.546
309.546
167.546
116.546
112.546
136.546
70.546
-226.454
-757.454
-1403.454
-1855.454
-1948.454
-1596.454
-946.454
-43.454
789.546
1412.546
1657.546
1609.546
1286.546
841.546
401.546
140.546
34.546
-10.454
-9.454
-42.454
-166.454
-448.454
-716.454
-887.454
-905.454
-740.454
-404.454
7.546
255.546
247.546
56.546
-182.454
-359.454
-289.454
131.546
730.546
1236.546
1385.546
1144.546
595.546
-52.454
-725.454
-1096.454
-1146.454
-981.454
-698.454
-410.454
-197.454
-6.454
112.546
285.546
540.546
763.546
797.546
659.546
365.546
-46.454
-491.454
-811.454
-978.454
-938.454
-707.454
-364.454
3.546
234.546
313.546
296.546
249.546
223.546
168.546
178.546
210.546
282.546
415.546
535.546
580.546
507.546
268.546
-51.454
-392.454
-709.454
-844.454
-787.454
-550.454
-175.454
141.546
355.546
439.546
462.546
384.546
228.546
119.546
70.546
41.546
72.546
76.546
-17.454
-248.454
-521.454
-722.454
-862.454
-863.454
-771.454
-591.454
-255.454
168.546
595.546
957.546
1193.546
1324.546
1271.546
1123.546
966.546
749.546
454.546
155.546
-169.454
-489.454
-864.454
-1142.454
-1283.454
-1242.454
-1076.454
-769.454
-409.454
-40.454
290.546
545.546
663.546
649.546
582.546
501.546
445.546
373.546
237.546
11.546
-250.454
-497.454
-678.454
-653.454
-477.454
-144.454
221.546
496.546
552.546
378.546
-24.454
-484.454
-803.454
-907.454
-857.454
-627.454
-244.454
71.546
296.546
419.546
491.546
511.546
519.546
502.546
397.546
278.546
219.546
252.546
353.546
465.546
493.546
399.546
156.546
-176.454
-561.454
-888.454
-1031.454
-985.454
-803.454
-551.454
-274.454
17.546
157.546
103.546
-82.454
-305.454
-537.454
-678.454
-660.454
-452.454
-80.454
342.546
811.546
1245.546
1508.546
1644.546
1607.546
1369.546
1008.546
614.546
308.546
63.546
-127.454
-280.454
-350.454
-383.454
-416.454
-568.454
-795.454
-1034.454
-1194.454
-1205.454
-1086.454
-810.454
-436.454
-34.454
204.546
303.546
255.546
168.546
131.546
175.546
312.546
414.546
480.546
485.546
489.546
469.546
377.546
179.546
-98.454
-407.454
-663.454
-794.454
-751.454
-612.454
-406.454
-150.454
131.546
353.546
498.546
498.546
377.546
214.546
101.546
46.546
80.546
246.546
425.546
461.546
322.546
82.546
-268.454
-617.454
-806.454
-792.454
-568.454
-233.454
128.546
458.546
644.546
638.546
377.546
-57.454
-495.454
-866.454
-1025.454
-917.454
-524.454
-29.454
467.546
869.546
1203.546
1406.546
1478.546
1391.546
1146.546
826.546
497.546
179.546
-31.454
-157.454
-264.454
-452.454
-700.454
-985.454
-1356.454
-1684.454
-1896.454
-1872.454
-1546.454
-1047.454
-435.454
259.546
857.546
1276.546
1366.546
1259.546
1078.546
820.546
617.546
460.546
314.546
170.546
39.546
-85.454
-231.454
-384.454
-514.454
-533.454
-465.454
-359.454
-282.454
-232.454
-208.454
-229.454
-319.454
-366.454
-345.454
-225.454
21.546
229.546
366.546
376.546
254.546
76.546
-56.454
-30.454
89.546
230.546
372.546
484.546
535.546
579.546
584.546
592.546
573.546
515.546
408.546
226.546
-14.454
-300.454
-550.454
-757.454
-942.454
-1072.454
-1084.454
-995.454
-770.454
-370.454
55.546
407.546
695.546
845.546
778.546
554.546
301.546
99.546
-58.454
-185.454
-245.454
-195.454
-29.454
167.546
309.546
408.546
356.546
168.546
-91.454
-332.454
-490.454
-577.454
-555.454
-429.454
-267.454
-83.454
155.546
341.546
389.546
297.546
86.546
-127.454
-262.454
-289.454
-239.454
-85.454
161.546
327.546
424.546
459.546
417.546
335.546
235.546
106.546
-95.454
-388.454
-639.454
-780.454
-778.454
-605.454
-359.454
-38.454
306.546
503.546
583.546
579.546
559.546
444.546
323.546
237.546
149.546
56.546
-11.454
-24.454
1.546
74.546
154.546
177.546
81.546
-27.454
-108.454
-104.454
-19.454
79.546
170.546
175.546
89.546
-30.454
-160.454
-262.454
-362.454
-442.454
-499.454
-590.454
-689.454
-718.454
-628.454
-458.454
-231.454
-30.454
112.546
213.546
310.546
422.546
525.546
653.546
764.546
910.546
1006.546
1044.546
930.546
647.546
188.546
-350.454
-835.454
-1098.454
-1160.454
-1075.454
-876.454
-650.454
-454.454
-310.454
-180.454
-43.454
79.546
248.546
381.546
510.546
650.546
778.546
845.546
746.546
522.546
208.546
-204.454
-587.454
-896.454
-1098.454
-1140.454
-1010.454
-709.454
-283.454
52.546
313.546
515.546
620.546
595.546
484.546
347.546
238.546
157.546
107.546
88.546
113.546
213.546
334.546
459.546
591.546
640.546
575.546
468.546
310.546
85.546
-128.454
-306.454
-425.454
-514.454
-562.454
-605.454
-646.454
-658.454
-654.454
-676.454
-685.454
-634.454
-529.454
-415.454
-213.454
51.546
305.546
515.546
630.546
682.546
628.546
507.546
372.546
272.546
156.546
-3.454
-204.454
-386.454
-517.454
-556.454
-512.454
-381.454
-166.454
87.546
309.546
490.546
619.546
719.546
723.546
708.546
677.546
606.546
447.546
221.546
-9.454
-190.454
-337.454
-440.454
-370.454
-244.454
-137.454
-99.454
-109.454
-203.454
-320.454
-384.454
-461.454
-469.454
-418.454
-297.454
-130.454
81.546
343.546
555.546
738.546
831.546
849.546
771.546
551.546
196.546
-143.454
-405.454
-624.454
-744.454
-782.454
-737.454
-619.454
-468.454
-188.454
65.546
290.546
327.546
309.546
255.546
170.546
71.546
-64.454
-161.454
-201.454
-192.454
-175.454
-154.454
-158.454
-159.454
-102.454
-14.454
127.546
271.546
420.546
563.546
671.546
714.546
686.546
576.546
453.546
287.546
83.546
-143.454
-340.454
-519.454
-643.454
-699.454
-707.454
-607.454
-465.454
-325.454
-182.454
-46.454
59.546
185.546
277.546
372.546
379.546
349.546
341.546
285.546
176.546
-1.454
-155.454
-236.454
-260.454
-233.454
-164.454
-54.454
25.546
100.546
171.546
191.546
140.546
140.546
106.546
-23.454
-160.454
-217.454
-258.454
-309.454
-260.454
-180.454
-73.454
41.546
151.546
283.546
401.546
491.546
514.546
494.546
435.546
293.546
56.546
-175.454
-373.454
-532.454
-651.454
-721.454
-720.454
-625.454
-509.454
-394.454
-268.454
-98.454
-27.454
-3.454
55.546
110.546
196.546
345.546
539.546
719.546
861.546
941.546
908.546
777.546
591.546
333.546
55.546
-219.454
-449.454
-594.454
-658.454
-629.454
-567.454
-459.454
-400.454
-365.454
-357.454
-328.454
-231.454
-91.454
103.546
232.546
335.546
420.546
494.546
556.546
588.546
599.546
569.546
500.546
395.546
284.546
160.546
33.546
-138.454
-357.454
-580.454
-719.454
-780.454
-761.454
-689.454
-568.454
-469.454
-358.454
-175.454
23.546
122.546
149.546
161.546
196.546
207.546
160.546
118.546
108.546
148.546
223.546
280.546
284.546
212.546
174.546
147.546
94.546
52.546
38.546
10.546
-48.454
-113.454
-174.454
-198.454
-154.454
-67.454
-20.454
51.546
136.546
228.546
359.546
413.546
436.546
411.546
287.546
42.546
-212.454
-408.454
-617.454
-789.454
-803.454
-678.454
-503.454
-293.454
-75.454
68.546
152.546
240.546
340.546
375.546
416.546
450.546
412.546
321.546
248.546
208.546
165.546
150.546
175.546
193.546
148.546
71.546
13.546
-51.454
-117.454
-149.454
-113.454
-74.454
-72.454
-100.454
-152.454
-204.454
-254.454
-320.454
-347.454
-334.454
-308.454
-286.454
-253.454
-235.454
-201.454
-63.454
129.546
280.546
399.546
425.546
406.546
388.546
330.546
237.546
164.546
100.546
2.546
-144.454
-327.454
-410.454
-389.454
-327.454
-216.454
-118.454
-14.454
41.546
57.546
118.546
194.546
213.546
175.546
161.546
191.546
207.546
187.546
132.546
75.546
30.546
48.546
152.546
289.546
384.546
501.546
575.546
528.546
406.546
258.546
32.546
-243.454
-454.454
-555.454
-585.454
-569.454
-513.454
-383.454
-263.454
-236.454
-283.454
-391.454
-525.454
-628.454
-654.454
-593.454
-515.454
-435.454
-278.454
-80.454
158.546
425.546
648.546
841.546
942.546
1007.546
974.546
830.546
647.546
432.546
170.546
-21.454
-155.454
-233.454
-251.454
-218.454
-136.454
-56.454
-73.454
-184.454
-282.454
-375.454
-435.454
-444.454
-410.454
-349.454
-274.454
-181.454
-91.454
-29.454
51.546
172.546
287.546
366.546
381.546
323.546
221.546
93.546
-7.454
-96.454
-179.454
-230.454
-229.454
-128.454
31.546
108.546
142.546
141.546
142.546
119.546
132.546
200.546
268.546
341.546
375.546
394.546
403.546
394.546
360.546
266.546
113.546
-24.454
-174.454
-350.454
-461.454
-563.454
-602.454
-575.454
-534.454
-465.454
-385.454
-305.454
-257.454
-183.454
-118.454
-55.454
-4.454
88.546
202.546
317.546
434.546
499.546
521.546
469.546
380.546
218.546
33.546
-147.454
-294.454
-379.454
-422.454
-394.454
-344.454
-292.454
-194.454
-104.454
-12.454
5.546
1.546
67.546
159.546
263.546
396.546
500.546
510.546
443.546
330.546
211.546
102.546
41.546
7.546
-48.454
-81.454
-99.454
-87.454
-59.454
-17.454
45.546
116.546
159.546
147.546
87.546
-33.454
-164.454
-284.454
-338.454
-333.454
-294.454
-224.454
-107.454
46.546
155.546
270.546
342.546
371.546
369.546
303.546
230.546
103.546
-70.454
-233.454
-403.454
-502.454
-513.454
-434.454
-316.454
-202.454
-97.454
18.546
102.546
227.546
331.546
388.546
435.546
439.546
366.546
241.546
114.546
20.546
-67.454
-158.454
-262.454
-392.454
-504.454
-570.454
-608.454
-626.454
-603.454
-517.454
-365.454
-167.454
38.546
235.546
458.546
644.546
814.546
875.546
848.546
744.546
594.546
415.546
181.546
-107.454
-354.454
-573.454
-746.454
-803.454
-751.454
-596.454
-388.454
-185.454
20.546
170.546
332.546
508.546
599.546
642.546
615.546
516.546
385.546
226.546
77.546
-40.454
-174.454
-327.454
-477.454
-600.454
-672.454
-649.454
-503.454
-323.454
-193.454
-58.454
67.546
194.546
309.546
464.546
531.546
541.546
459.546
326.546
183.546
83.546
20.546
-42.454
-73.454
-89.454
-96.454
-91.454
-109.454
-174.454
-224.454
-268.454
-302.454
-316.454
-309.454
-253.454
-182.454
-149.454
-96.454
-19.454
59.546
108.546
146.546
134.546
96.546
135.546
262.546
356.546
357.546
344.546
297.546
220.546
168.546
136.546
71.546
-7.454
-33.454
-40.454
-46.454
-37.454
-26.454
-63.454
-112.454
-135.454
-125.454
-121.454
-149.454
-186.454
-169.454
-111.454
17.546
163.546
252.546
253.546
230.546
176.546
91.546
-2.454
-51.454
-31.454
-1.454
-36.454
-78.454
-113.454
-165.454
-214.454
-203.454
-176.454
-176.454
-235.454
-244.454
-211.454
-172.454
-121.454
-65.454
36.546
112.546
141.546
150.546
147.546
111.546
55.546
13.546
-65.454
-127.454
-100.454
-5.454
31.546
13.546
